0.000000000000000000e+00
0.000000000000000000e+00
0.000000000000000000e+00
0.000000000000000000e+00
3.387924445048307075e-04
4.154163445470772653e-01
7.410888592716902146e-01
5.477644403940211681e-01
6.452281908189386739e-01
5.948790411519416788e-01
6.196194674738287889e-01
6.077583160029259579e-01
6.127711043397565671e-01
6.100333118407326172e-01
6.114366324237732186e-01
6.124086673689439486e-01
6.112375854040518197e-01
6.101980415264379731e-01
6.139315816049744079e-01
6.073250797451535954e-01
6.198783906232886443e-01
5.957669105691089095e-01
6.459374930870483977e-01
5.492484938976889275e-01
7.443978045321560932e-01
4.179913036068869658e-01
3.441473250681631392e-04
0.000000000000000000e+00
0.000000000000000000e+00
0.000000000000000000e+00
