-4.351911389573477201e-16 -5.783908369527607896e+00 2.019544223210305578e+00 -1.618177051363600460e+00 2.126902206132622375e+00 -3.238030779201745535e+00 4.256110397998551953e+00 -3.146634941032425026e+00 1.885605818217716001e+00 -1.046263900771014832e+00 5.523683964261600909e-01 -3.174805264255708415e-01 1.854396759066423983e-01 -1.129988544582331694e-01 7.882563168738729309e-02 -8.947876087011892576e-02 2.396991249138238911e-01
3.036415632857669023e-11 1.015012773876148131e+05 -2.685078047457611683e+04 1.048314809965299355e+04 -4.295903471048060965e+03 1.752555184225951734e+03 -7.198770399419863679e+02 3.880008769697402045e+02 -2.231038177295140486e+02 1.193608329841683968e+02 -5.935533038161494090e+01 2.936623148723545640e+01 -1.446829294722752657e+01 7.489470290922017881e+00 -3.958915023076825968e+00 2.948321127840621170e+00 -5.451024357999796344e+00
-7.241376136688173705e-12 -2.685076333209470977e+04 1.317305805638061611e+04 -5.554890890067750661e+03 2.290607459812437810e+03 -9.459794895181748871e+02 3.918844362723411905e+02 -2.118646605528292639e+02 1.208914155938940667e+02 -6.442670118429845161e+01 3.202121291078447030e+01 -1.585961421594551268e+01 7.828008561660908526e+00 -4.053855946546692124e+00 2.142248186692329526e+00 -1.594566994540052463e+00 2.948171200586705787e+00
1.611485497675517728e-12 1.048300562771033583e+04 -5.554825251497715726e+03 8.172627783790385365e+03 -3.652133188074206373e+03 1.524395809567983633e+03 -6.172936794977308637e+02 2.533474783024157659e+02 -1.501463861716583779e+02 8.491933325497257101e+01 -4.387154986610335072e+01 2.232231296903978546e+01 -1.079375282578793360e+01 5.480037644415233444e+00 -2.874793481333819400e+00 2.143691191315807210e+00 -3.961381993869665497e+00
1.419424274890115910e-13 -4.295507156068983932e+03 2.290412786463490193e+03 -3.652028799303203868e+03 7.481599966973526534e+03 -3.348910662228606725e+03 1.371170056448350806e+03 -5.915795883944279012e+02 2.583632962394494825e+02 -1.495758139049046349e+02 8.094791581190588659e+01 -4.240297613448910852e+01 2.126694507556823055e+01 -1.060857898451166648e+01 5.478626414445244563e+00 -4.055782579392896992e+00 7.492612738697708608e+00
-9.366532902349785187e-13 1.751589662604276782e+03 -9.455008467227138453e+02 1.524112035781556642e+03 -3.348777066507277596e+03 7.331515248354053256e+03 -3.297506672536163478e+03 1.357056290912915301e+03 -5.787111920305674175e+02 2.525614123665882289e+02 -1.417133516568345044e+02 7.969212456826039670e+01 -4.142621687043674683e+01 2.121253259426663362e+01 -1.076580015250124234e+01 7.811937468317069033e+00 -1.443791490159960844e+01
1.034569694171929693e-12 -7.175528031151543473e+02 3.907296936440848185e+02 -6.165921961153467237e+02 1.370794033232833044e+03 -3.297338549465097003e+03 7.275550264965879251e+03 -3.298378030335960830e+03 1.362205983339288196e+03 -5.833673873589887080e+02 2.435121476170306778e+02 -1.427621939106782065e+02 7.963967925677377480e+01 -4.224939473459244255e+01 2.224273261735550022e+01 -1.581085499174534448e+01 2.927455809516975549e+01
-1.059088040473378019e-12 3.824665613019417378e+02 -2.091139377505755874e+02 2.516786481427639046e+02 -5.906641273090294817e+02 1.356595525826784524e+03 -3.298186775722872426e+03 7.241928920687138088e+03 -3.243579766361634938e+03 1.345687358081670027e+03 -5.525051035992071320e+02 2.433498014556230373e+02 -1.415232660727454004e+02 8.057402155616193795e+01 -4.367976108778839262e+01 3.190081848995828295e+01 -5.912954950409522326e+01
1.438873492727731086e-12 -2.105256912796002098e+02 1.146326309803987442e+02 -1.462586171561611081e+02 2.561862898270906044e+02 -5.775750266637280674e+02 1.361659616319660472e+03 -3.243341251263533195e+03 7.257590587672601032e+03 -3.274319319376643762e+03 1.347085537080804897e+03 -5.838645976324432922e+02 2.525499458170037315e+02 -1.493495411906274057e+02 8.479990871604991298e+01 -6.436243339489237769e+01 1.192388874797238714e+02
-1.444394827513066816e-12 1.096982207825203659e+02 -5.948644435716960288e+01 8.000269508404721819e+01 -1.461524359395048123e+02 2.505620471114054908e+02 -5.823145740459005992e+02 1.345164267127347557e+03 -3.274100778392271422e+03 7.291664626200405110e+03 -3.289693367349417258e+03 1.382883361423758970e+03 -5.872461526261486142e+02 2.620048412409920502e+02 -1.517903728326164128e+02 1.222668614913497436e+02 -2.256252033693181147e+02
1.707363286613510362e-12 -5.355099685801906162e+01 2.901167956574136042e+01 -4.030200489941671549e+01 7.653190359947802790e+01 -1.384989716904929082e+02 2.416169169238758627e+02 -5.514744140780877615e+02 1.346566296885619749e+03 -3.289454071019503317e+03 7.277016998085926389e+03 -3.313680460296695856e+03 1.363436617163595656e+03 -5.942723275780424501e+02 2.546987293009836435e+02 -2.129846580802594644e+02 3.900590217058762619e+02
-1.885934589758221293e-12 2.615884585684761987e+01 -1.418118773977585079e+01 2.017910127106893015e+01 -3.914880774290941190e+01 7.541501421399880201e+01 -1.396121927307086708e+02 2.414619862280592315e+02 -5.828225302641542385e+02 1.382335928543437149e+03 -3.313487904266674832e+03 7.282211429671473525e+03 -3.300285084424620436e+03 1.372340863162335381e+03 -6.178851485149792779e+02 3.923745284867875398e+02 -7.207777676015602992e+02
1.577407616984924890e-12 -1.278855238152391394e+01 6.942474988758476684e+00 -9.628882225959387142e+00 1.932147511048879096e+01 -3.824551908640478359e+01 7.536842815896314107e+01 -1.383252976682051667e+02 2.505708885525596088e+02 -5.861085962762092549e+02 1.362973463190875236e+03 -3.300116572772180007e+03 7.332673501247448257e+03 -3.349397613992942297e+03 1.524641238403514535e+03 -9.461830326511881140e+02 1.752929233897348240e+03
-1.051099266759563144e-12 6.530959276758949272e+00 -3.547419948805327294e+00 4.846404145613632863e+00 -9.510433293027745094e+00 1.927054565180787904e+01 -3.900611865158316505e+01 7.618402646157471736e+01 -1.459553944261590459e+02 2.598243314850249135e+02 -5.933510992689955401e+02 1.371962795897040223e+03 -3.349263231540396646e+03 7.481802948565085899e+03 -3.652235833452966290e+03 2.290692765262900139e+03 -4.296060225774037463e+03
-6.912248849466545547e-13 -3.380260197853203863e+00 1.835779034616280114e+00 -2.497615659729490289e+00 4.846187435713545710e+00 -9.605518363635610513e+00 2.011195612176993563e+01 -4.013884165272361315e+01 7.990900841246093478e+01 -1.478928890818799573e+02 2.530158234524744785e+02 -6.171778449561202251e+02 1.524355167603407153e+03 -3.652130685939481737e+03 8.172678080768006112e+03 -5.554932757889453569e+03 1.048322499525217427e+04
4.093984783809619148e-12 2.480629377325385576e+00 -1.346656173559495073e+00 1.836995660910361039e+00 -3.549879728036557935e+00 6.929358691982997698e+00 -1.414091033676061215e+01 2.891099839463026910e+01 -5.943911465838073127e+01 1.159844675979661588e+02 -2.102014552198293131e+02 3.912058488175559887e+02 -9.456987388114739588e+02 2.290495858781886909e+03 -5.554866412720262815e+03 1.317309227772589111e+04 -2.685084333456910463e+04
-1.327530188578643969e-11 -4.569162800578851602e+00 2.480505602618677585e+00 -3.382337033995668207e+00 6.535131740570363945e+00 -1.276378417439588020e+01 2.608325396982451139e+01 -5.336252848860911513e+01 1.096081986879455599e+02 -2.129990531999133623e+02 3.844588702607948676e+02 -7.184258041956197758e+02 1.751952489090337622e+03 -4.295659447368725523e+03 1.048308105973753118e+04 -2.685082603715814548e+04 1.015013925673594495e+05
