0.000000000000000000e+00
1.617166433917923141e-01
2.602197251880968842e-01
3.860940423607902017e-01
4.545823691856866189e-01
5.367027747881959465e-01
5.800566862009364222e-01
6.319366162584270086e-01
6.596735729709592988e-01
6.935488813224436333e-01
7.120886016593790391e-01
7.352375360188498910e-01
7.481651281874484027e-01
7.645724209181546938e-01
7.738675856214316529e-01
7.858140718084377641e-01
7.926646642194710157e-01
8.015679565905295956e-01
8.067281609324520320e-01
8.134997965637755790e-01
8.174616914762101727e-01
8.227097808343625251e-01
8.258110663409083951e-01
8.299616957253628247e-01
8.324406747071143586e-01
8.357913136421353251e-01
8.378100841007865007e-01
8.405586463204529624e-01
8.422262282042498605e-01
8.445137671128234436e-01
8.459142299839393919e-01
8.478563882158905995e-01
8.490613572180104596e-01
8.507642068781656741e-01
8.518497450695108331e-01
8.534386103348371444e-01
8.544892178493874724e-01
8.560719550144220147e-01
8.571349699339796402e-01
8.587317300593264591e-01
8.597848276897634978e-01
8.613192795823201298e-01
8.622953939612252316e-01
8.636623725926164674e-01
8.644958389891224115e-01
8.656163403010477264e-01
8.662762754039482482e-01
8.671450025027855890e-01
8.676538905723439887e-01
8.683362988849294695e-01
8.687528034230057594e-01
8.693414712374234465e-01
8.697157322186295225e-01
8.702473083941727472e-01
8.705770516104928136e-01
8.710310079621048640e-01
8.713089160118098198e-01
8.716958634997200583e-01
8.719369155268666960e-01
8.722744802534435626e-01
8.724813096397620038e-01
8.727535206929509792e-01
8.728990454700297219e-01
8.730432555510906356e-01
8.730829154337371723e-01
8.730600506247074843e-01
8.729979645718884962e-01
8.728517496156215083e-01
8.727278309742344531e-01
8.725136698000102164e-01
8.723553734688506145e-01
8.720950090386441200e-01
8.719061939083971868e-01
8.716067752115936873e-01
8.714049197545151726e-01
8.711157441928709666e-01
8.709389110752172591e-01
8.707021712327659424e-01
8.705647557517015578e-01
8.703949968511353052e-01
8.703118581097714079e-01
8.702424201485885469e-01
8.702358434808256105e-01
8.702816165340262478e-01
8.703414357742834673e-01
8.704545107730672360e-01
8.705322597098134052e-01
8.706360808486298675e-01
8.706934981185188160e-01
8.707634886167013866e-01
8.708005387250715712e-01
8.708414022241005581e-01
8.708586139953319316e-01
8.708713109752707071e-01
8.708731701197026664e-01
8.708706748124529495e-01
8.708700235013883129e-01
8.708839716988766577e-01
8.709122740025960763e-01
8.709906784698437932e-01
8.710616263736188358e-01
8.711735056536072941e-01
8.712389866742522582e-01
8.713144491980642226e-01
8.713519004062243445e-01
8.714004416365276340e-01
8.714352244901614197e-01
8.714977674676209762e-01
8.715445934423869945e-01
8.716123205763197657e-01
8.716502935845231725e-01
8.716969599741936081e-01
8.717290388473439844e-01
8.717988202608755177e-01
8.718699282111903592e-01
8.720210400850734178e-01
8.721509376069778163e-01
8.723867400826267327e-01
8.725703732067319196e-01
8.728835420397623723e-01
8.731138682259369510e-01
8.734786163365285683e-01
8.737237325677663646e-01
8.740748370989765981e-01
8.742877652746138262e-01
8.745601566059179044e-01
8.747029128038769086e-01
8.748521438182660370e-01
8.749091059569980011e-01
8.749378051768994524e-01
8.749254447176408878e-01
8.748739433881115302e-01
8.748274730633096574e-01
8.747573643799723131e-01
8.747197868248947072e-01
8.746881048118221313e-01
8.746852385418456555e-01
8.747026169746772162e-01
8.747214422376279330e-01
8.747471373648596504e-01
8.747568886735852534e-01
8.747548483888576420e-01
8.747402397901442583e-01
8.746937003044592540e-01
8.746414228304935090e-01
8.745198255724464520e-01
8.744038911900786637e-01
8.741720572151822077e-01
8.739794734993255876e-01
8.736410075195670810e-01
8.733903865513047426e-01
8.729997223917478344e-01
8.727483503988803237e-01
8.724206950904397351e-01
8.722527136166472461e-01
8.720934983185654188e-01
8.720506040574884654e-01
8.720704947643747040e-01
8.721286087034723078e-01
8.722645389497944990e-01
8.723825400944154040e-01
8.726017753700477941e-01
8.727771298522892796e-01
8.730745379198046052e-01
8.732813961430659910e-01
8.735708103000647817e-01
8.737306921865634068e-01
8.738999183047692076e-01
8.739649046862323356e-01
8.740111157966378164e-01
8.740284770382683588e-01
8.740711847217825792e-01
8.741255390541000647e-01
8.742525670937741911e-01
8.743618430860938817e-01
8.745452538961248079e-01
8.746709949614470681e-01
8.748558597941905601e-01
8.749762750021844449e-01
8.751573947800076470e-01
8.752822869228685798e-01
8.754817119125207769e-01
8.756255085183659581e-01
8.758619866972803258e-01
8.760360407693891238e-01
8.763248961703109519e-01
8.765362440656617737e-01
8.768766030362911135e-01
8.771116993631132841e-01
8.774554175238816756e-01
8.776637976068584202e-01
8.779248999953127575e-01
8.780596787153223115e-01
8.782080252171146073e-01
8.782797228550234259e-01
8.783638282582963974e-01
8.784119469297206884e-01
8.784760975794968507e-01
8.785100699242684996e-01
8.785385862656622802e-01
