0.000000000000000000e+00
2.222465530953662005e-01
4.412805256295453948e-01
6.540940052660321191e-01
8.580577008523027072e-01
1.051042038518832600e+00
1.231476546712031217e+00
1.398351491210635178e+00
1.551174364278675499e+00
1.689897259508350569e+00
1.814830389406613786e+00
1.926553840410677010e+00
2.025835752752270569e+00
2.113561525671212582e+00
2.190675872219734810e+00
2.258137671755584996e+00
2.316886468557705747e+00
2.367818942641329638e+00
2.411773538312488530e+00
2.449521520040852440e+00
2.481762922516910219e+00
2.509126101005945131e+00
2.532169828021536340e+00
2.551387101817836012e+00
2.567210022352345078e+00
2.580015249191500271e+00
2.590129684702563218e+00
2.597836127688481156e+00
2.603378720945228597e+00
2.606968074979179040e+00
2.608785993433198946e+00
2.608989757556068323e+00
2.607715950605131283e+00
2.605083820867181377e+00
2.601198195760375143e+00
2.596151970569240408e+00
2.590028204449601024e+00
2.582901863425134614e+00
2.574841254380202393e+00
2.565909194518021241e+00
2.556163957227338024e+00
2.545660028925956997e+00
2.534448704645009265e+00
2.522578545333621580e+00
2.510095718193217085e+00
2.497044241931266395e+00
2.483466159409749796e+00
2.469401658863293658e+00
2.454889161261385677e+00
2.439965386622792831e+00
2.424665407711004139e+00
2.409022696595552127e+00
2.393069168048365114e+00
2.376835222825153249e+00
2.360349792969210991e+00
2.343640389979729566e+00
2.326733155023291921e+00
2.309652908708274222e+00
2.292423197017660286e+00
2.275066330513788149e+00
2.257603415935150792e+00
2.240054382123453536e+00
2.222438004618281226e+00
2.204771934088383567e+00
2.187072732661034191e+00
2.169355919675618249e+00
2.151636025464345625e+00
2.133926649545293763e+00
2.116240518807107396e+00
2.098589541922511792e+00
2.080984857958638301e+00
2.063436879381692624e+00
2.045955331648138920e+00
2.028549292743598631e+00
2.011227236001941421e+00
1.993997077988292954e+00
1.976866230378080846e+00
1.959841651548823949e+00
1.942929891467473968e+00
1.926137123923127970e+00
1.909469163395932645e+00
1.892931468664414751e+00
1.876529139670243929e+00
1.860266916223641376e+00
1.844149186035590304e+00
1.828180005545049669e+00
1.812363131522769288e+00
1.796702056494605904e+00
1.781200038468077507e+00
1.765860116442050876e+00
1.750685107632942605e+00
1.735677588748542721e+00
1.720839869437679193e+00
1.706173968801640628e+00
1.691681604469655209e+00
1.677364199097362896e+00
1.663222903637015637e+00
1.649258632885751474e+00
1.635472107766040795e+00
1.621863899956643040e+00
1.608434476189271267e+00
1.595184240152548671e+00
1.582113569167963751e+00
1.569222841589597905e+00
1.556512450793820612e+00
1.543982803652435898e+00
1.531634304941598579e+00
1.519467332483695143e+00
1.507482209313055987e+00
1.495679178114732055e+00
1.484058380206880745e+00
1.472619837843449853e+00
1.461363436214271339e+00
1.450288901463551383e+00
1.439395773470288464e+00
1.428683376010601913e+00
1.418150790533273531e+00
1.407796841248462716e+00
1.397620097694034502e+00
1.387618896733143536e+00
1.377791380529061804e+00
1.368135542404699034e+00
1.358649270012888266e+00
1.349330375800407156e+00
1.340176608243994094e+00
1.331185642735325469e+00
1.322355056674300755e+00
1.313682297554306322e+00
1.305164654611743247e+00
1.296799243704420457e+00
1.288583011869093298e+00
1.280512763445029512e+00
1.272585204862374697e+00
1.264797001545643340e+00
1.257144838989564306e+00
1.249625480823510548e+00
1.242235818510714962e+00
1.234972908924702129e+00
1.227833996901196656e+00
1.220816520655176873e+00
1.213918099584947230e+00
1.207136506848121682e+00
1.200469632292787026e+00
1.193915443478505312e+00
1.187471952752817028e+00
1.181137196451043758e+00
1.174909228933413763e+00
1.168786130370752296e+00
1.162766023926478320e+00
1.156847096119083540e+00
1.151027614120512466e+00
1.145305935367087802e+00
1.139680507282080368e+00
1.134149857108195603e+00
1.128712573289271548e+00
1.123367280582787231e+00
1.118112611582326776e+00
1.112947177898009787e+00
1.107869544643329984e+00
1.102878211782048590e+00
1.097971605119981930e+00
1.093148078305315130e+00
1.088405925368737925e+00
1.083743401374603010e+00
1.079158746970003691e+00
1.074650211450749238e+00
1.070216069060827113e+00
1.065854624975548948e+00
1.061564210686267717e+00
1.057343172238995210e+00
1.053189857407609731e+00
1.049102608215850996e+00
1.045079763241195669e+00
1.041119671074729469e+00
1.037220713573037356e+00
1.033381335956246039e+00
1.029600080115943950e+00
1.025875617017126595e+00
1.022206773434056304e+00
1.018592547896627787e+00
1.015032111521094960e+00
1.011524791652412825e+00
1.008070039506012261e+00
1.004667386250422068e+00
1.001316394218580763e+00
9.980166104774905733e-01
9.947675287354962315e-01
9.915685631684089119e-01
9.884190348514149127e-01
9.853181688405768801e-01
9.822650981737748310e-01
9.792588706702336498e-01
9.762984554488574052e-01
9.733827478193320948e-01
9.705105728629571660e-01
9.676806892031734053e-01
9.648917952206234050e-01
9.621425403013176281e-01
9.594315433878723987e-01
9.567574198394752649e-01
9.541188154952799927e-01
9.515144444446836935e-01
9.489431251575068949e-01
9.464038090868536202e-01
9.438955968060179780e-01
9.414177388398791146e-01
9.389696207655857663e-01
9.365507340961192195e-01
9.341606359539382787e-01
9.317989019798041950e-01
9.294650784411884192e-01
9.271586405639686834e-01
9.248789639380725625e-01
9.226253139859684760e-01
9.203968550086812916e-01
9.181926761400407422e-01
9.160118278293775118e-01
9.138533602677676448e-01
9.117163550463762700e-01
9.095999433127842648e-01
9.075033073516851623e-01
9.054256669127742629e-01
9.033662555923180904e-01
9.013242951204823994e-01
8.992989758154287250e-01
8.972894496993191193e-01
8.952948394836457435e-01
8.933142627581304174e-01
8.913468672110498314e-01
8.893918704146287491e-01
8.874485969850034461e-01
8.855165067567570825e-01
8.835952097879570255e-01
8.816844669919072786e-01
8.797841780457406058e-01
8.778943601661460816e-01
8.760151219176581794e-01
8.741466354460788457e-01
8.722891091725640811e-01
8.704427618404949607e-01
8.686077982181902302e-01
8.667843867199730434e-01
8.649726394640608884e-01
8.631725955740462419e-01
8.613842088752158288e-01
8.596073415011427077e-01
8.578417650074179335e-01
8.560871699299532622e-01
8.543431831567770418e-01
8.526093902311473460e-01
8.508853577061423756e-01
8.491706502516692678e-01
8.474648388465109150e-01
8.457674994947912417e-01
8.440782050876057818e-01
8.423965149662135943e-01
8.407219666646832401e-01
8.390540724966918384e-01
8.373923212790935766e-01
8.357361839289374483e-01
8.340851215804485630e-01
8.324385958723731216e-01
8.307960822513467125e-01
8.291570875413680763e-01
8.275211724094667654e-01
8.258879779793896203e-01
8.242572543260152651e-01
8.226288876254638227e-01
8.210029227175161815e-01
8.193795785611853733e-01
8.177592549574289604e-01
8.161425295642205091e-01
8.145301443623063076e-01
8.129229805162790923e-01
8.113220206262353740e-01
8.097282982064885060e-01
8.081428361780367275e-01
8.065665790020895010e-01
8.050003261056815074e-01
8.034446762600285785e-01
8.018999924386566169e-01
8.003663938189066185e-01
7.988437764645112127e-01
7.973318585346764742e-01
7.958302416755873576e-01
7.943384788787817286e-01
7.928561404971594673e-01
7.913828729652907512e-01
7.899184472774143373e-01
7.884627952836633646e-01
7.870160316437930792e-01
7.855784591379467718e-01
7.841505559458925578e-01
7.827329454615256088e-01
7.813263513877143351e-01
7.799315423547310555e-01
7.785492708997895361e-01
7.771802118707971108e-01
7.758249055759592894e-01
7.744837111528665163e-01
7.731567750037771081e-01
7.718440171620637447e-01
7.705451354357919502e-01
7.692596241616194153e-01
7.679868024524150183e-01
7.667258463455929318e-01
7.654758198601875341e-01
7.642357010883674695e-01
7.630044007836594977e-01
7.617807723806923059e-01
7.605636142163397784e-01
7.593516669331443758e-01
7.581436111001756961e-01
7.569380711249518168e-01
7.557336306770753298e-01
7.545288619806517216e-01
7.533223673188436109e-01
7.521128274206344555e-01
7.508990492968740105e-01
7.496800061663262404e-01
7.484548642587864897e-01
7.472229947274406925e-01
7.459839725179384651e-01
7.447375667819680078e-01
7.434837285970681275e-01
7.422225812314547921e-01
7.409544162355190533e-01
7.396796957209625933e-01
7.383990581728987479e-01
7.371133230243142043e-01
7.358234888582276811e-01
7.345307217786629650e-01
7.332363335760599954e-01
7.319417524181206502e-01
7.306484905126695573e-01
7.293581127480015525e-01
7.280722080558243992e-01
7.267923622967638053e-01
7.255201292648576494e-01
7.242569959942133373e-01
7.230043402061810953e-01
7.217633807459804540e-01
7.205351249671647640e-01
7.193203193075912161e-01
7.181194100894392474e-01
7.169325207539841704e-01
7.157594496035303289e-01
7.145996890764939602e-01
7.134524643591457771e-01
7.123167866840569573e-01
7.111915155454592297e-01
7.100754242875930711e-01
7.089672644885385289e-01
7.078658254545707740e-01
7.067699854824478489e-01
7.056787514117411897e-01
7.045912830477358835e-01
7.035069003031259038e-01
7.024250735700805492e-01
7.013454011471613736e-01
7.002675803103780572e-01
6.991913796395774483e-01
6.981166190109381331e-01
6.970431605532817487e-01
6.959709098837871810e-01
6.948998233173652173e-01
6.938299145603250562e-01
6.927612542332777235e-01
6.916939574402918289e-01
6.906281579998529985e-01
6.895639720464811218e-01
6.885014576380636964e-01
6.874405796890168396e-01
6.863811900537796218e-01
6.853230304949452512e-01
6.842657618212442117e-01
6.832090166936326536e-01
6.821524678994208557e-01
6.810958999171414785e-01
6.800392705573695684e-01
6.789827516973678811e-01
6.779267428742916657e-01
6.768718573778161884e-01
6.758188860623544070e-01
6.747687480712074581e-01
6.737224390267982921e-01
6.726809856020046219e-01
6.716454112466679893e-01
6.706167127871013323e-01
6.695958435762496830e-01
6.685836972200931427e-01
6.675810869338499876e-01
6.665887183331071775e-01
6.656071567496945063e-01
6.646367931240496629e-01
6.636778146371244969e-01
6.627301872354631751e-01
6.617936566728707115e-01
6.608677723722194974e-01
6.599519344322232195e-01
6.590454593439941666e-01
6.581476557410875783e-01
6.572578988875047434e-01
6.563756921978054493e-01
6.555007058799745545e-01
6.546327865227392628e-01
6.537719363151074381e-01
6.529182655578315009e-01
6.520719259358782605e-01
6.512330338026690590e-01
6.504015926400713576e-01
6.495774227125955536e-01
6.487601048563382822e-01
6.479489448277727659e-01
6.471429642980920383e-01
6.463409234506640733e-01
6.455413774362792623e-01
6.447427647393113581e-01
6.439435207398043204e-01
6.431422057155118388e-01
6.423376341142719159e-01
6.415289915073738580e-01
6.407159270052260602e-01
6.398986118378333643e-01
6.390777588084088912e-01
6.382546014852936711e-01
6.374308354959506984e-01
6.366085267187989727e-01
6.357899927197896428e-01
6.349776650913134812e-01
6.341739418707251774e-01
6.333810410050956241e-01
6.326008674016114774e-01
6.318349064048004449e-01
6.310841544978987860e-01
6.303490932411859315e-01
6.296297057965453137e-01
6.289255287625139523e-01
6.282357275270606944e-01
6.275591822240924600e-01
6.268945735469768632e-01
6.262404616700691928e-01
6.255953554060641464e-01
6.249577711367059196e-01
6.243262816759501677e-01
6.236995547077706092e-01
6.230763800001811736e-01
6.224556849213680465e-01
6.218365389359369333e-01
6.212181491561327151e-01
6.205998497307698702e-01
6.199810874649611669e-01
6.193614048663942384e-01
6.187404207911856302e-01
6.181178088898949818e-01
6.174932751748740678e-01
6.168665373763436710e-01
6.162373092100686955e-01
6.156052918003027674e-01
6.149701726202466689e-01
6.143316304174433196e-01
6.136893436856515338e-01
6.130430007164403561e-01
6.123923108671327498e-01
6.117370183705175268e-01
6.110769206012192090e-01
6.104118913765419485e-01
6.097419067075995347e-01
6.090670667125208659e-01
6.083876049761874905e-01
6.077038772204910178e-01
6.070163251866487197e-01
6.063254181367980777e-01
6.056315812801759124e-01
6.049351254067563133e-01
6.042361934705248183e-01
6.035347371219251800e-01
6.028305297751510583e-01
6.021232145225119403e-01
6.014123775626375457e-01
6.006976329826324568e-01
5.999787037310864157e-01
5.992554861139284261e-01
5.985280899280408518e-01
5.977968521586444206e-01
5.970623278143685209e-01
5.963252658680485707e-01
5.955865805675530922e-01
5.948473278043268087e-01
5.941086927052000588e-01
5.933719888233823792e-01
5.926386628209620033e-01
5.919102936797617787e-01
5.911885745367255751e-01
5.904752691749554083e-01
5.897721428633526664e-01
5.890808758084804531e-01
5.884029737765411605e-01
5.877396924203776019e-01
5.870919889642429723e-01
