-0.000000000000000000e+00 -0.000000000000000000e+00 -0.000000000000000000e+00 -0.000000000000000000e+00 -0.000000000000000000e+00 -0.000000000000000000e+00 -0.000000000000000000e+00 -0.000000000000000000e+00 -0.000000000000000000e+00 -0.000000000000000000e+00 -0.000000000000000000e+00 -0.000000000000000000e+00 -0.000000000000000000e+00 -0.000000000000000000e+00 -0.000000000000000000e+00 -0.000000000000000000e+00 -0.000000000000000000e+00
-0.000000000000000000e+00 6.780131526931342023e+00 -1.402162332007916401e+00 4.070255783287810014e-01 -1.513246798647165936e-01 5.511558541587194271e-02 -2.136231531725076363e-02 8.243157340664041335e-03 -5.284711677033406864e-03 2.019462767808306598e-03 -1.491532930849759743e-03 -8.856345824973877248e-04 3.535378388549142124e-03 -2.392127633032078114e-03 4.622298233180905519e-03 -7.802683599886733531e-03 1.361432986200209264e-02
-0.000000000000000000e+00 6.090810756578832752e-01 1.031922121857313801e+00 -6.941150167171146190e-01 1.747052531190539382e-01 -6.541104368315656115e-02 2.601929687149195924e-02 -8.765939694020161155e-03 1.092625799144227201e-03 1.456319842176874435e-03 -1.364961548142239103e-03 -2.605354946640779917e-03 -7.612693433903315425e-04 -2.577894084214473998e-04 -3.790103313976291109e-04 -2.045464570469349153e-04 -7.273465825737557983e-03
-0.000000000000000000e+00 1.018745084554703029e+00 -9.597208533935221997e-01 1.293317226956147481e+00 -7.826256403921872939e-01 2.090288846404043388e-01 -7.782420172998344432e-02 3.101461948215089234e-02 -9.848779017476312278e-03 2.860398515225734579e-03 -2.736212947301205596e-04 2.322994521793308315e-03 1.763712082703767841e-03 -1.435737681700663231e-04 1.628318907033809299e-03 -1.945473210105788534e-03 1.170752070182737477e-02
-0.000000000000000000e+00 -4.647683682978595021e-01 2.937272799766305065e-01 -7.881473151080213846e-01 1.230492570834942345e+00 -7.572044444019758735e-01 2.009253323245103473e-01 -7.538911802420113217e-02 3.041155920649432631e-02 -1.241264486221535512e-02 5.374330549934551102e-03 -4.401619643737749582e-03 1.717041096216048029e-03 -2.940500136522707607e-03 3.329296332018546155e-03 -1.580899731347165747e-03 8.192664542463198168e-03
-0.000000000000000000e+00 1.819125298267653679e-01 -1.122631829608203152e-01 2.115257565097797832e-01 -7.579456865218927586e-01 1.218655568264103373e+00 -7.572547334644574857e-01 1.986713123063250375e-01 -7.613556316867883811e-02 3.001339485890696171e-02 -1.416872891017314194e-02 6.226461618295896228e-03 -9.046718859317503907e-04 2.607010303405430870e-03 -2.448468171664099687e-03 2.817756412843714221e-04 -6.070857643621609817e-03
-0.000000000000000000e+00 -7.010953046686010937e-02 4.384599881683937106e-02 -7.963253808954025292e-02 1.989981794106372159e-01 -7.555043221518353835e-01 1.220751525909413493e+00 -7.537547427153233892e-01 1.982130223239142452e-01 -7.333311907915379679e-02 3.053116411051959994e-02 -1.197812620218791785e-02 2.880656980899995445e-03 -1.520074191755840538e-03 5.926767208243563555e-04 -1.098681665554884649e-03 9.175169469227450678e-03
-0.000000000000000000e+00 2.418692742780053501e-02 -1.407604416368119990e-02 3.093108656086161756e-02 -7.340623077903699056e-02 2.005842852350206429e-01 -7.536865493977964459e-01 1.217013227247016216e+00 -7.517474880568102424e-01 1.971191388546760237e-01 -7.387056310683243199e-02 2.898908897635700879e-02 -1.194217249253966273e-02 4.170689913803117370e-03 -1.879694973057716330e-03 5.482315548990594062e-03 -1.764374291069945727e-02
-0.000000000000000000e+00 -1.888594334711721223e-02 6.744658595515068411e-03 -1.216992311166976461e-02 3.087086792166939334e-02 -7.596986341669102749e-02 1.969315427423077025e-01 -7.528903734899572431e-01 1.216355290599809402e+00 -7.539758802911450397e-01 1.982192145426803220e-01 -7.261762186958498067e-02 2.754590411583829682e-02 -8.824290413637126546e-03 1.717023504200243869e-03 -1.260123974683611744e-03 6.125449673547011392e-04
-0.000000000000000000e+00 1.840660276601517598e-02 -4.817621797453429042e-03 4.630310029890553902e-03 -1.448028480852607547e-02 3.039144778122312290e-02 -7.443965265618737726e-02 1.970928404744763662e-01 -7.545404207805880281e-01 1.219438052707252362e+00 -7.539867747197687153e-01 1.975220286620787691e-01 -7.176636142694291232e-02 2.610881341978099277e-02 -9.933093778427862577e-03 4.106414185040371118e-03 -7.150021964747943319e-03
-0.000000000000000000e+00 -6.881514877681096237e-03 1.120849340718658299e-03 -1.427247025588984251e-03 5.204462661832262582e-03 -1.281709460563791939e-02 3.015698298822244716e-02 -7.290955143802757554e-02 1.989984300121595273e-01 -7.554334989644959641e-01 1.216279759595785048e+00 -7.527346377159218616e-01 1.975966246718277863e-01 -7.334146758369750052e-02 3.092390482878596206e-02 -1.792526609377963556e-02 3.462366215701823124e-02
-0.000000000000000000e+00 -4.931187968359656421e-03 3.364153959898091503e-04 1.411349441148916986e-03 -2.451232708654612659e-03 5.357581290105564720e-03 -1.195443336844324508e-02 2.865505827448114676e-02 -7.279394636661798423e-02 1.981530233383450024e-01 -7.514639912686664758e-01 1.216608213132919669e+00 -7.546789186810209937e-01 1.996314065621649925e-01 -7.928676387447713969e-02 4.420840050701465435e-02 -7.575319830050133985e-02
-0.000000000000000000e+00 8.306011818032405999e-03 -1.786720219594474870e-03 -1.629348106444768879e-03 1.957598444220719301e-03 -3.094745948487287283e-03 3.669738325618630229e-03 -1.107403246364854071e-02 2.866857314328914025e-02 -7.168578521921711855e-02 1.968576487353871363e-01 -7.537944037849382273e-01 1.220090036388545629e+00 -7.601416077944995742e-01 2.136086751179180343e-01 -1.150038721247318707e-01 1.910048171094866076e-01
-0.000000000000000000e+00 -4.198212557230601716e-03 2.054098808006381283e-03 8.911143959173463587e-04 -1.196269674986830556e-03 2.476067693053584772e-03 -8.423253812647199870e-04 3.196278276022445665e-03 -1.147484192450891338e-02 2.599483154479181185e-02 -7.341199971141598724e-02 1.994339723574873324e-01 -7.596362185813048118e-01 1.233101748368378159e+00 -7.910113038130694996e-01 2.986714728405016617e-01 -4.778948686053201556e-01
-0.000000000000000000e+00 8.900962498057832933e-03 -2.551223011680800457e-03 6.573486181965515485e-06 1.491651539837306022e-03 -7.677285800517160428e-04 1.993789899577046252e-04 -2.380108039796902022e-04 3.585022785921580194e-03 -9.066533715230565629e-03 3.035567025741205127e-02 -7.884638110014335899e-02 2.116663358325363009e-01 -7.847404580841323973e-01 1.295919976257431383e+00 -9.617098283990066498e-01 1.023149945809908701e+00
-0.000000000000000000e+00 -2.039146861811275135e-02 4.603439592477730907e-03 4.929838888122837614e-04 1.466642823847987215e-03 -2.756593357730784555e-03 2.034871083153371070e-03 -1.136112454953147957e-03 -1.922339721674715118e-03 8.171205107368201964e-04 -9.693446238733423315e-03 2.461520930165062709e-02 -6.820187668028124262e-02 1.769647338828212457e-01 -6.968582490851887856e-01 1.031433425097866285e+00 6.184542480712202916e-01
-0.000000000000000000e+00 9.791044321216078525e-03 -1.346533243703363714e-03 3.616831911216291696e-03 6.203608232367654627e-04 -2.760053180195736096e-03 3.449728419401598082e-03 -5.192853575275472970e-03 -1.585929445805244094e-04 -4.817226452481854042e-03 1.268502237275612524e-02 -2.560456420109493564e-02 5.682062204744466050e-02 -1.513557493497462159e-01 4.098220257058165505e-01 -1.404532590852960228e+00 6.807522084745157187e+00
