0.000000000000000000e+00 0.000000000000000000e+00 0.000000000000000000e+00 0.000000000000000000e+00 0.000000000000000000e+00 0.000000000000000000e+00 0.000000000000000000e+00 0.000000000000000000e+00 0.000000000000000000e+00 0.000000000000000000e+00 0.000000000000000000e+00 0.000000000000000000e+00 0.000000000000000000e+00 0.000000000000000000e+00 0.000000000000000000e+00 0.000000000000000000e+00 0.000000000000000000e+00
-2.826500922687434050e-15 6.701661536733141133e+00 -1.376715585550359888e+00 4.063621424452345532e-01 -1.548817907115466186e-01 5.846624587857292277e-02 -2.090282694898249610e-02 1.223162177135920202e-02 -7.518546429224029666e-03 3.842169467422084424e-03 -1.809856270732927925e-03 8.367857156668413732e-04 -3.914551766334435200e-04 1.977206249066420010e-04 -9.928037272773239776e-05 6.844200134239436886e-05 -1.130932118902845706e-04
-4.503092253950796418e-16 6.115866106743271802e-01 1.033224287858303780e+00 -6.940837692751041788e-01 1.742153665914643046e-01 -6.492765998518300330e-02 2.378759819755818516e-02 -1.000904367659932043e-02 6.660906727640036190e-03 -3.621824700261947003e-03 1.759461055916490546e-03 -8.375754957257456257e-04 3.809286042094221824e-04 -1.883113668618209037e-04 9.407376763165450873e-05 -6.508154783012990211e-05 1.074724142412408680e-04
-2.030583379822607158e-16 1.010042781704924231e+00 -9.577556293349797079e-01 1.292875985893880086e+00 -7.840083778570914319e-01 2.098693919494570015e-01 -7.497351548989582282e-02 2.889393821351741651e-02 -1.541524211447052421e-02 9.537584966106340753e-03 -4.867400228186197393e-03 2.363702047180412432e-03 -1.086335031574824257e-03 5.171455415993904403e-04 -2.551785472312540198e-04 1.769109362198890338e-04 -2.918972443644812873e-04
1.695185930206709496e-16 -4.888855930759690160e-01 2.997766864797656861e-01 -7.903138492678437599e-01 1.232890282122315995e+00 -7.565252322145283870e-01 1.958359965737561659e-01 -7.280188739643678186e-02 3.007257316948568765e-02 -1.568930610091069308e-02 9.260697071928078103e-03 -4.804460611149119140e-03 2.291858159842405721e-03 -1.084721474837678371e-03 5.129568020284841663e-04 -3.502396996085173505e-04 5.776673049904012310e-04
-1.358860775442274290e-16 1.947250672132660454e-01 -1.135163642038345827e-01 2.132053788483986578e-01 -7.561928773106456614e-01 1.215882713068417553e+00 -7.484944466416822983e-01 1.968320531347642344e-01 -7.398778095113998921e-02 3.054920341609374326e-02 -1.516252573911131517e-02 9.277906292144219233e-03 -4.771331790160088585e-03 2.322048563519953524e-03 -1.105069458599228878e-03 7.188261876557863013e-04 -1.188295777070708797e-03
1.891682913115553401e-17 -5.087813201741574892e-02 3.848213786393293173e-02 -7.435669723874172021e-02 1.947681213335213657e-01 -7.500237597413749180e-01 1.210052693122345424e+00 -7.484340299749071557e-01 1.942307623933608729e-01 -7.316866144812003703e-02 2.785552392656360718e-02 -1.474352357267593935e-02 9.060166853892178893e-03 -4.744003250239381408e-03 2.345913690947399374e-03 -1.507067255593223191e-03 2.498628046000757157e-03
4.773910242344158687e-17 2.416359524783164361e-02 -1.790264163621552509e-02 2.630480430958487617e-02 -7.325879149964341364e-02 1.943107274443842680e-01 -7.494288600379134246e-01 1.204363175555106524e+00 -7.423522096881716159e-01 1.934817715825017936e-01 -6.887767842109671079e-02 2.874106502675106284e-02 -1.493193474807949679e-02 9.277071351387155065e-03 -4.858109573864727651e-03 3.230221465702683582e-03 -5.363738614749931355e-03
4.132682510053117925e-17 -2.421600771052334969e-02 1.291523625678024992e-02 -1.448193384117190015e-02 3.085650900700264918e-02 -7.250006830434721494e-02 1.970107109084484887e-01 -7.408252407688209473e-01 1.205286569186198475e+00 -7.465435734073031515e-01 1.931733045946428529e-01 -7.381777627149786747e-02 3.008701420254342521e-02 -1.589587719250010536e-02 9.513231629631491507e-03 -6.802430761564151086e-03 1.126157208822136345e-02
-2.309804003880875526e-16 1.052283980766049835e-02 -6.379719537967397901e-03 9.113221229470542736e-03 -1.554139910624281404e-02 2.968844336653352414e-02 -7.310089592758792221e-02 1.916048410163695981e-01 -7.458248677164337481e-01 1.210918178856902117e+00 -7.475978800638849453e-01 1.998424420750496422e-01 -7.362054038605600481e-02 3.130891782750513941e-02 -1.454329486534997919e-02 1.229810750310516600e-02 -1.979630690381238567e-02
1.369229942766537390e-16 -4.958914707243998639e-03 2.997832253865764102e-03 -4.587321780344997060e-03 9.030388126019096504e-03 -1.478985484677273164e-02 2.889136405438292102e-02 -6.950509739364781059e-02 1.939839778507570778e-01 -7.500076531198983654e-01 1.210845871180351363e+00 -7.520840493847412711e-01 1.953227558695658783e-01 -7.355842140046593702e-02 2.612391113934059081e-02 -1.685004846641608919e-02 1.838964593015039728e-02
2.560772110055304485e-16 2.264374365850673095e-03 -1.370475723817850830e-03 2.161115096860683881e-03 -4.478854793086831446e-03 8.726823021571423339e-03 -1.446851510337935146e-02 2.766730048009226339e-02 -7.307717380606747193e-02 1.982542143654010269e-01 -7.509184120817601338e-01 1.211003097974769238e+00 -7.502468298588126361e-01 1.944460391787133369e-01 -7.317368789033358578e-02 3.510914401377190908e-02 -3.778239698510219707e-02
-6.170402821458317384e-16 -1.064694911074584843e-03 6.461321123095417661e-04 -1.001712845685054625e-03 2.144182578941278283e-03 -4.482100183006255262e-03 8.927598170114185022e-03 -1.484621175859381255e-02 3.032775646354611901e-02 -7.497629085646158320e-02 1.975196372951580903e-01 -7.487071559117807196e-01 1.215777871290335099e+00 -7.556550394667216342e-01 2.117110845265249564e-01 -1.094803074139121535e-01 1.799582400440148944e-01
8.624018037040806453e-16 5.109501000942466174e-04 -3.107876619712055845e-04 4.584737414806331723e-04 -9.846778172176273280e-04 2.102962751581584615e-03 -4.494433223373076047e-03 8.865203934533315636e-03 -1.533233166429050567e-02 3.024972316172782130e-02 -7.295853375455373102e-02 1.958071347668817186e-01 -7.562626441080969597e-01 1.232145964072111965e+00 -7.884375489884238863e-01 2.969016311361692972e-01 -4.827052369726299585e-01
-1.280925887454540156e-15 -2.522061469003720655e-04 1.533859443471680324e-04 -2.242692676508933685e-04 4.610052162355995843e-04 -9.753567985183059794e-04 2.149775736139218196e-03 -4.511596647581106456e-03 9.096615902836880513e-03 -1.518560204332541561e-02 2.875951416763700835e-02 -7.466588215234006010e-02 2.090737317095907322e-01 -7.820383582291029478e-01 1.289913679155169302e+00 -9.548848119094864861e-01 1.005023237496086574e+00
-1.671965259877913811e-16 9.415223038312478423e-05 -5.720950320010751198e-05 8.404886322387681143e-05 -1.712271108605023973e-04 3.462447477489665870e-04 -7.687690627175597542e-04 1.644791324440026976e-03 -3.501732255172372403e-03 6.775995563740020745e-03 -1.021988542259612102e-02 2.361302504929279136e-02 -6.417590059274123904e-02 1.726410214629750250e-01 -6.925853101023845548e-01 1.032353413349835769e+00 6.130583181889388555e-01
-5.812615311843595772e-15 -8.514218931969715911e-05 5.172357619662066870e-05 -7.610124263088652817e-05 1.553993769585922916e-04 -3.134582562559995130e-04 6.726370755157750746e-04 -1.472495552935814637e-03 3.136265234349641315e-03 -6.201569097743161313e-03 1.086853467722490724e-02 -1.902654404301342556e-02 5.654723163244922135e-02 -1.539337704769306869e-01 4.059588887748643016e-01 -1.376488784850840918e+00 6.701285559265334868e+00
