1.967261696979976382e-01
5.887847283727868364e-01
5.908034110482096590e-01
5.919901327001645397e-01
5.928500205512481358e-01
5.930318211640985826e-01
5.950090000972692028e-01
5.964432868135773891e-01
5.992167936943674222e-01
6.015830291534038921e-01
6.021919390871540712e-01
6.033376856060834736e-01
6.044737694718490539e-01
6.066597214185878162e-01
6.073445427014639852e-01
6.091891981981011339e-01
6.077856703125636972e-01
6.058609982612956912e-01
6.062703054962278459e-01
6.076087315883484941e-01
6.077400978649560859e-01
6.071220419594960394e-01
6.057828899037985826e-01
6.068451680171772500e-01
6.057318278440635417e-01
6.028905669716598803e-01
6.036606615438814272e-01
6.017115963549475310e-01
5.998284268600272418e-01
5.984028641209403476e-01
5.948507081061755741e-01
5.942018153655811430e-01
1.990703796524950220e-01
