0.000000000000000000e+00
0.000000000000000000e+00
0.000000000000000000e+00
0.000000000000000000e+00
0.000000000000000000e+00
0.000000000000000000e+00
0.000000000000000000e+00
0.000000000000000000e+00
0.000000000000000000e+00
0.000000000000000000e+00
0.000000000000000000e+00
8.900405698662413296e-06
3.578353978616102132e-02
5.922232019756230592e-01
1.180566112633132825e+00
6.906791632072665221e-01
4.089101551309102800e-01
4.204598036882010725e-01
6.097615247096782598e-01
7.152969485263259708e-01
6.290686835144031486e-01
5.475991819375687353e-01
5.475694194208424737e-01
5.957858967151737906e-01
6.210098789895024396e-01
6.023266407970253589e-01
5.811398952595557832e-01
5.807514716997514981e-01
5.919409800465154081e-01
5.984299942451706267e-01
5.946020892577111860e-01
5.897898217039015956e-01
5.890294471854217173e-01
5.907294408574655931e-01
5.928455038370392671e-01
5.938007826046034499e-01
5.930344986068311064e-01
5.909958884231339971e-01
5.884148391337566952e-01
5.898453679562589702e-01
5.952354965400404874e-01
5.987190194900028350e-01
5.918336132082778756e-01
5.808335008840996849e-01
5.816158492677547809e-01
6.024503204586100225e-01
6.194283187185525286e-01
5.963638219609239677e-01
5.478763281410112818e-01
5.478552634517015463e-01
6.296263665395256393e-01
7.158313809556861029e-01
6.095525602512859020e-01
4.208366207771199741e-01
4.096220179245751436e-01
6.910490139172795754e-01
1.182202775320055910e+00
5.932369291933546895e-01
3.592166026445638843e-02
1.007048105122141987e-05
0.000000000000000000e+00
0.000000000000000000e+00
0.000000000000000000e+00
0.000000000000000000e+00
0.000000000000000000e+00
0.000000000000000000e+00
0.000000000000000000e+00
0.000000000000000000e+00
0.000000000000000000e+00
0.000000000000000000e+00
