3.280917915153636413e-04
4.040192748295671765e-01
7.334835228779083005e-01
5.378495939670919768e-01
6.343837838676005259e-01
5.841008385822913374e-01
6.088805108808601485e-01
5.962120933853899407e-01
6.021399330212344747e-01
5.990250029542973920e-01
6.004738469574016912e-01
5.998307531270014037e-01
6.000632392408838944e-01
6.001987054499704488e-01
5.997196036272681718e-01
6.003455338090880611e-01
6.000608656063169954e-01
6.001692512902283561e-01
6.004237026093015572e-01
6.003067950892578830e-01
6.008296340727004026e-01
6.004986581981694993e-01
6.013683119544659395e-01
6.014031035132350045e-01
6.006656176384902457e-01
6.008787280331024938e-01
6.011419952505200337e-01
6.005609314840777424e-01
6.013193301727176587e-01
6.009382670383462965e-01
6.008325359937332077e-01
6.007849181343118961e-01
6.004050744242652726e-01
6.008932156118991230e-01
6.004739402363975520e-01
5.997679213834308243e-01
6.006304778341705619e-01
6.001332198648728911e-01
6.003246757424400837e-01
6.003998091894718891e-01
6.001258333887875551e-01
6.000180676299117222e-01
6.003992150231237668e-01
5.999116299418940645e-01
6.001798866024569135e-01
6.002491906267591881e-01
6.000512802780885169e-01
5.998535388499244281e-01
6.003445071073990613e-01
5.996631999689130410e-01
6.011304545812981015e-01
5.993249089271779351e-01
6.023144874524944958e-01
5.961918461611955822e-01
6.086411149956214572e-01
5.834787207590320657e-01
6.344962427352095480e-01
5.377128509718714922e-01
7.337991346602340537e-01
4.042766666624369454e-01
3.219139408672942911e-04
