0.000000000000000000e+00
0.000000000000000000e+00
0.000000000000000000e+00
3.464990237322041671e-05
7.742721192141662975e-03
1.326570137298986873e-01
5.680417849542946929e-01
1.162628020332002299e+00
1.321404428735910574e+00
9.900448579852811903e-01
6.515312376356957591e-01
4.725719374661145333e-01
3.944532774098535866e-01
3.744522875363091030e-01
4.101580287033851357e-01
5.043553040846354696e-01
6.298961250079582186e-01
7.231746582649836164e-01
7.426922496810661745e-01
6.969417951120967514e-01
6.317128779458949239e-01
5.772194413330543616e-01
5.477863109332909985e-01
5.389037882370831811e-01
5.538692390865996851e-01
5.784843644460595513e-01
6.049606414135573207e-01
6.251855032021144121e-01
6.337866025094095468e-01
6.242347346142591569e-01
6.095114072910210457e-01
5.939844716291799998e-01
5.841763400378126025e-01
5.840771712277670336e-01
5.882550509891878443e-01
5.975748529072195669e-01
6.023912430780805627e-01
6.083305518667474487e-01
6.086916517072685773e-01
6.026382720090179834e-01
5.999648705515588931e-01
5.973479541215099831e-01
5.982559011832067064e-01
5.978619535934872609e-01
5.957368350877605412e-01
5.990090553928301143e-01
6.030821326095039403e-01
6.025316621520619975e-01
6.013580339537890618e-01
6.023227966898206942e-01
5.992587410527224767e-01
5.972363471030107673e-01
5.989409717188912685e-01
6.008721849749094623e-01
5.988441599067499954e-01
5.973227668926632816e-01
6.018836817790211846e-01
6.023075946430230809e-01
6.021349004743036248e-01
6.019679374130365579e-01
5.982742323265488604e-01
5.974086635451928418e-01
5.987959433052455482e-01
5.984991568297273190e-01
6.000939814835468678e-01
5.996817111459641358e-01
6.003734362150570103e-01
6.025083782678407607e-01
6.040387455591339494e-01
6.010517870418169428e-01
6.005596620909184891e-01
5.989297464108211955e-01
6.008438112226566208e-01
5.987330425761556718e-01
5.957919452216081657e-01
6.018405108307419704e-01
6.001613955163507264e-01
6.036659140484701425e-01
6.029152150921053277e-01
5.981345721827361350e-01
5.987511103205538365e-01
6.026410584410968330e-01
5.995122976227753586e-01
5.999636707872928465e-01
5.992536732251781961e-01
6.022809196305882740e-01
5.998387461758859507e-01
6.017850353579403677e-01
6.026047666603967512e-01
5.994753512587345234e-01
6.001588162665106863e-01
5.974523997715029955e-01
6.001819271465947958e-01
5.993108861958548195e-01
6.017506494986697430e-01
6.018613207596025250e-01
6.020745515180794261e-01
6.001924949445712754e-01
5.994599535289248937e-01
5.986325140673538492e-01
5.986113165997186680e-01
5.992538589051470410e-01
5.982201716202049102e-01
5.984035603926353142e-01
6.013405439910235462e-01
5.985224954065684333e-01
5.991125542091165768e-01
6.002895992822574467e-01
5.989702105012231215e-01
6.023418206830686294e-01
6.025720254331485837e-01
5.998091516730783557e-01
6.019589271957673793e-01
6.023400073812250621e-01
5.980161660161964488e-01
6.017837431214567712e-01
5.985953114264294106e-01
5.993883187654457378e-01
6.000385784776910425e-01
6.041772381729378916e-01
6.020964343800623286e-01
6.018742424824996551e-01
6.015142503191499568e-01
6.013433293172805172e-01
6.015739607085133223e-01
6.001094350169466907e-01
6.007801120294925523e-01
5.981364273264767606e-01
6.003851716859630594e-01
5.998674139771911218e-01
6.005371853911305458e-01
6.006384077316293535e-01
6.018518582204125389e-01
5.960069835420916950e-01
5.994389830793350749e-01
6.019565686206873600e-01
5.993731843564366057e-01
5.972832311009828032e-01
6.007522581504664005e-01
6.004177762887047409e-01
5.991088680418024115e-01
5.994304235505071299e-01
6.013616483709940397e-01
5.999358474581102385e-01
6.024171884684021983e-01
6.005473786250525858e-01
6.023585909179040021e-01
5.995779371431219085e-01
5.987210290401259183e-01
6.001777924645363971e-01
6.009165855799711853e-01
6.003012166830443697e-01
5.984927411754640270e-01
5.989277172223520518e-01
5.977161159707428117e-01
6.012374302655250080e-01
6.003646273638355568e-01
5.993974920556733865e-01
6.006772437562646338e-01
6.000852691198913513e-01
6.024462447602917381e-01
6.000788839819665155e-01
6.001459175205853258e-01
6.008590563656559524e-01
6.000035968105900119e-01
6.000402819807992838e-01
5.986007767954492076e-01
6.005592878573625670e-01
6.015260365677240761e-01
6.019446387730574832e-01
6.000952742327797518e-01
5.988534065677476592e-01
6.002361803847556798e-01
5.990050016001474686e-01
6.021454157256224127e-01
5.991419623421684326e-01
6.012807976409808575e-01
5.994772116440858500e-01
6.012134932519942465e-01
5.976367624441522031e-01
6.021034341398308065e-01
5.985124444598423077e-01
5.985215876635110455e-01
6.037886883423476680e-01
6.014248878114168972e-01
5.999304800869796894e-01
5.972848879209978756e-01
5.983107712345627771e-01
5.993602130497432956e-01
5.987063400632408605e-01
6.006945422361588127e-01
5.986720612791879281e-01
6.000487557442883979e-01
6.044787959439263947e-01
6.008074375945023915e-01
6.017485328684104573e-01
6.006866913552866283e-01
5.996724928428878165e-01
5.962463580752198622e-01
5.986702397371834738e-01
5.998914303911258017e-01
6.016434909454249080e-01
6.018262160003695627e-01
6.003820137498395715e-01
6.008723644572898648e-01
5.991285221970339414e-01
6.016014605329469411e-01
6.009372434948835329e-01
6.012590186943888027e-01
5.989978430454758751e-01
5.991809516513156852e-01
5.982445275550608565e-01
6.010033310265801010e-01
6.002176569262925865e-01
6.002174757744995759e-01
6.004683162168135135e-01
6.026112400116055978e-01
6.010396378474922585e-01
5.995885559569267276e-01
5.985858323264999781e-01
5.986268164930473867e-01
6.003680381728777604e-01
5.984552239228059234e-01
5.997948052054687951e-01
6.016687627314721842e-01
5.990038052699954152e-01
5.993792397226935798e-01
5.977165278824173589e-01
5.972016769250637624e-01
6.013947197984242932e-01
5.988361225443654678e-01
6.008213548788883251e-01
6.013673834887133252e-01
5.992413413845160131e-01
6.011058887644670223e-01
6.005985053563097642e-01
6.010958951999645361e-01
5.992363116806671552e-01
5.988023242750304398e-01
5.984640511318572997e-01
6.003741851247523797e-01
5.995854155579842804e-01
6.019085197165896517e-01
6.013455224562900270e-01
6.026278462956214943e-01
5.980499664701397489e-01
5.991494348445667306e-01
6.002075352661397911e-01
5.996920640205196662e-01
6.006672626906917056e-01
5.995026339542327554e-01
6.028620018163001193e-01
6.029730680491133255e-01
6.020775447370546596e-01
5.996737542426745504e-01
5.994744079662853720e-01
6.008217194434274377e-01
5.977495282774206720e-01
5.978341713947844527e-01
6.005555208991959493e-01
6.008247458907409744e-01
6.062270217677647732e-01
6.096719718188712278e-01
6.095622134718149399e-01
6.036723865187956228e-01
5.964750008512350599e-01
5.897980542599180476e-01
5.862502515364061972e-01
5.890755472948104865e-01
5.981599186979602578e-01
6.106304673717039000e-01
6.257774709177766903e-01
6.364681781148241457e-01
6.319196648598652821e-01
6.119737134444704907e-01
5.836751591578499543e-01
5.537564375369625758e-01
5.394864540467678715e-01
5.464223084416921505e-01
5.785067597167162790e-01
6.359541669028268007e-01
7.025538131708359835e-01
7.494895434194405182e-01
7.320942999584272304e-01
6.360969675052802197e-01
5.068781177450846220e-01
4.099383606401590385e-01
3.733955416091528368e-01
3.926676689595194336e-01
4.731814298027562371e-01
6.564061997771564183e-01
9.929955100699557891e-01
1.328444978761389672e+00
1.167356913595380075e+00
5.745445777589137659e-01
1.347320795258903636e-01
7.963764505212203582e-03
3.911818720068617998e-05
0.000000000000000000e+00
0.000000000000000000e+00
